ra dec no1 no2 no3 no4 no5 no6 no7 no8 no9 no10 no11 dist no12 Pcol
35.5642 2.13801 16.055 -48.5576 -20.621 7.94913 -32.5537 35.3016 25.2402 -1.62011 -11.2482 -72.7887 221.887 43.4269 -172.5 4
298.184 -2.65905 353.062 46.8356 -24.9281 -3.88523 34.2944 22.1825 -41.3985 2.18126 40.8192 -20.6102 73.8453 47.0176 27.8457 1
358.774 4.68616 2.11569 -13.6014 -16.8319 0.880439 -5.77029 24.4495 -0.523348 -2.00463 -263.836 -48.4021 233.629 24.5371 199.584 0
84.1486 -0.100455 125.512 -74.1613 21.6806 20.5713 -89.08 9.43999 92.1129 0.162345 -54.7773 9.47367 -56.2861 92.5955 47.5696 4
183.816 -12.017 175.652 19.9536 61.523 4.1452 19.8516 -56.7707 -3.7865 12.1115 101.671 24.2996 -72.8186 58.1717 72.1743 3
299.109 -7.2645 359.936 47.0925 -28.7645 -0.0398472 38.478 25.3506 -45.5295 6.64279 76.7022 -26.4155 4.54818 52.533 -48.8688 3
289.104 7.44318 333.319 50.9524 -21.9715 -14.5596 39.9735 16.7041 -48.2263 -6.6677 79.0648 -23.2108 -16.7325 51.471 -50.9338 2
9.62486 1.31095 8.21239 -23.3718 -17.587 3.54859 -10.7358 26.6752 4.52367 -0.61916 -281.565 -26.4232 166.671 27.0631 186.23 0
53.1446 -4.78315 41.1928 -60.9715 -5.39622 10.85 -29.6859 20.2927 27.0712 2.83098 -136.081 42.6332 -100.02 33.9509 150.769 4
356.766 0.165343 6.14769 -10.6146 -16.2424 2.50355 -4.38116 23.7467 -1.34169 -0.068637 -236.026 -60.1293 196.665 23.7846 188.098 0
163.988 -7.61979 175.898 -0.0636715 70.5186 4.55492 -0.0707671 -60.6697 17.4111 8.44401 -30.7762 22.3215 -91.8104 63.6809 -28.9987 2
358.4 -0.164181 6.8699 -12.1233 -16.9007 2.87966 -5.17134 24.6138 -0.687568 0.0705588 -218.7 -18.1499 182.823 24.6235 171.769 0
68.4978 -3.1354 69.3906 -71.8562 1.94838 13.435 -43.8016 16.8696 42.8213 2.52112 -51.7566 31.598 -7.71729 46.0935 22.2167 4
278.373 5.22266 325.272 60.8896 -6.85065 -9.60133 30.2673 5.02378 -34.1317 -3.15345 124.781 9.3772 -108.91 34.6433 -147.643 2
357.331 2.09542 4.36917 -11.6136 -15.8384 1.74502 -4.70753 23.3435 -1.08839 -0.855025 -233.341 -39.7711 206.342 23.3845 183.393 0
358.703 -0.13317 6.91321 -12.4253 -17.1624 2.92972 -5.36278 24.9175 -0.564049 0.0579297 -213.503 5.56336 233.334 24.9239 157.435 0
359.65 3.11196 3.89735 -14.1019 -16.6013 1.60793 -5.94301 24.3554 -0.148652 -1.32417 -242.942 -55.0799 184.774 24.3918 186.425 0
0.782816 -0.82678 8.12075 -14.276 -16.1675 3.3059 -5.95489 24.1439 0.329892 0.348454 -238.631 -47.5077 221.697 24.1487 167.77 0
359.894 5.23395 1.81647 -14.8103 -15.1501 0.702495 -5.85972 22.828 -0.0422608 -2.09116 -218.817 -45.0731 205.556 22.9236 157.516 0
22.3783 -9.7087 24.5136 -32.0602 -20.1364 12.3749 -18.6807 32.0764 13.2067 5.93489 17.3564 -52.6787 167.628 35.1928 -120.886 4
0.230427 1.01653 6.13794 -14.1816 -17.064 2.5879 -6.11617 24.9602 0.100383 -0.44289 -216 -49.8429 241.246 24.9643 143.946 0
185.249 -1.8494 186.527 19.2537 66.9939 -6.86398 21.0916 -63.6606 -5.84859 2.06422 27.291 12.7942 -77.1277 63.962 -1.20839 3
358.208 -2.08318 8.72462 -11.4726 -16.4664 3.6013 -4.81854 24.1981 -0.757192 0.880623 -226.316 -20.0654 224.864 24.2259 171.52 0
167.735 19.862 203.499 -2.84369 24.4757 -7.5978 -0.946518 -17.5342 3.81187 -6.48209 115.351 -5.20824 -147.728 19.0787 115.058 3
347.062 3.16414 0.944446 -1.87599 -15.6749 0.373813 -0.74282 22.0812 -5.07266 -1.25246 -187.388 -61.9474 238.468 22.6909 178.435 0
65.8614 3.71025 47.4084 -76.1039 3.54846 3.7555 -20.6191 8.66814 19.3429 -1.37451 -140.254 74.9059 -186.81 21.2408 217.383 3
358.07 2.02948 4.60896 -12.3179 -16.2947 1.87798 -5.10338 23.8933 -0.804956 -0.847162 -188.415 -15.4622 203.347 23.9218 138.887 0
100.183 9.50597 176.916 -65.8782 16.9368 0.535247 -22.2218 -4.24533 23.6353 -4.02106 -155.263 42.275 17.8494 24.3479 -78.7222 4
270.435 -1.63323 325.56 71.3715 0.640738 -4.36137 22.8775 0.18313 -24.1319 0.688092 254.158 -47.5335 172.562 24.1424 105.153 3
333.043 -16.5964 17.4742 15.8838 -12.3194 6.08206 5.76358 17.9889 -9.14868 6.01501 183.568 -186.261 146.153 21.0589 -182.205 4
359.338 0.729448 6.2085 -13.247 -15.5741 2.4558 -5.34579 23.3254 -0.269406 -0.296997 -254.393 -28.116 231.158 23.3288 190.242 0
316.648 -5.44054 2.36653 29.6685 -30.784 1.56154 21.5429 31.5052 -29.7426 4.12651 -31.5836 0.779699 156.016 43.5227 104.673 1
359.619 2.18158 4.82335 -13.8587 -16.9557 2.02151 -5.93131 24.744 -0.164578 -0.942624 -214.541 -69.7246 211.708 24.7625 151.156 0
357.592 3.2156 3.31573 -12.1238 -16.9069 1.38509 -5.14435 24.4339 -1.02745 -1.37395 -209.529 -12.8391 215.318 24.4941 158.565 0
356.739 1.63517 4.68662 -10.9324 -16.777 1.9493 -4.60821 24.2493 -1.38151 -0.693365 -249.851 -43.9541 240.706 24.2985 195.32 0
353.526 3.91412 1.69247 -8.32771 -16.4854 0.693967 -3.43937 23.5404 -2.67146 -1.62099 -232.596 -37.3255 230.511 23.7469 195.566 0
305.887 -4.54743 358.36 39.9142 -31.8703 -1.11285 32.5309 29.6259 -40.9464 4.01969 99.1843 5.04588 -6.08793 50.6997 -80.0608 3
307.058 -0.786052 354.089 37.8022 -35.3516 -4.38467 33.03 32.4709 -43.0003 0.739279 27.6874 -22.0561 62.0322 53.8881 18.056 2
257.25 -0.0636879 279.608 76.5359 6.05231 -5.6031 23.7362 -5.3865 -23.8052 0.0271299 106.997 34.4762 -195.121 24.407 -201.831 3
358.398 0.559078 6.15068 -12.2935 -17.0252 2.58914 -5.26598 24.7214 -0.691245 -0.241327 -243.522 -54.5616 256.409 24.7322 176.262 0
231.072 -4.97359 200.54 64.1029 21.4555 -5.4158 31.7933 -22.1237 -27.3904 3.06406 217.261 -5.46353 61.8714 35.3423 145.353 4
357.204 -1.34823 7.74953 -10.678 -15.2105 3.02264 -4.22662 22.7775 -1.11251 0.536716 -233.768 -51.7447 217.312 22.811 180.5 0
189.109 -9.89359 178.908 24.6914 58.5525 0.98269 23.7061 -55.2007 -8.85047 9.75066 114.553 22.4946 -65.5902 56.7496 77.0511 3
184.638 -12.223 175.585 20.7806 62.4742 4.2828 21.1135 -57.9704 -4.70243 12.5992 98.0124 17.3994 -70.3832 59.5099 67.6454 3
167.447 -2.78595 181.402 2.16208 78.6545 -1.75308 2.70597 -69.9287 15.5712 3.48623 -74.7722 18.1518 -83.1017 71.7262 -78.2754 1
70.9666 3.40357 67.5115 -78.8299 3.71262 7.94287 -43.5352 14.4463 41.8758 -2.63453 -54.1812 30.9919 -50.2917 44.3759 58.901 4
219.796 -2.84196 197.101 52.792 27.6107 -6.34094 28.4004 -27.3641 -22.7956 1.76802 232.971 -2.40764 -0.812728 35.6589 134.432 3
1.18748 1.98328 5.3973 -15.3379 -17.6886 2.33266 -6.80196 25.6943 0.532604 -0.889948 -252.943 -52.1597 214.251 25.7152 181.449 0
168.919 -0.167872 184.293 2.98619 77.059 -5.25851 3.66495 -69.0389 13.5213 0.206122 10.7475 18.4985 -82.9481 70.3508 4.99885 2
234.255 5.56057 223.905 61.3086 19.064 -11.6106 30.5925 -20.2772 -28.1717 -3.37927 228.68 -26.0542 78.3533 34.8745 156.508 3
210.997 21.4172 221.495 33.8081 11.561 -4.03391 4.07705 -5.84726 -3.51298 -2.67564 35.9784 112.129 -310.649 7.32738 -212.187 3
296.963 2.24033 345.747 46.3437 -25.1659 -8.17102 34.7827 21.7814 -42.8175 -1.87935 38.7545 -32.3084 72.4283 48.076 31.9627 1
358.428 -0.288869 7.00058 -12.1207 -15.8366 2.80432 -4.94139 23.5244 -0.645634 0.118649 -256.602 -45.2154 213.03 23.5336 198.893 0
356.695 0.592788 5.70808 -10.6466 -16.2074 2.31979 -4.38457 23.6917 -1.36793 -0.245534 -216.988 -19.7182 235.737 23.7324 166.716 0
229.251 7.67305 220.851 56.1446 12.0893 -4.40008 10.0278 -7.81145 -9.06594 -1.61227 261.478 -32.6316 -88.3884 12.0752 48.6754 4
359.476 -0.739758 7.70724 -13.0295 -17.1564 3.26929 -5.64116 25.0184 -0.228853 0.32305 -252.153 -39.6979 205.38 25.0216 191.952 0
18.7317 4.13441 7.55929 -32.8782 -36.6293 5.78994 -28.4492 49.5017 16.7859 -3.77834 29.3099 -47.3232 199.989 52.4067 -138.195 4
357.94 0.603097 5.99627 -11.858 -17.3228 2.55491 -5.13527 24.9732 -0.898473 -0.263048 -273.053 -43.7183 236.499 24.9907 212.697 0
356.166 1.2188 4.96334 -10.2786 -16.7057 2.05877 -4.31522 24.1243 -1.61654 -0.514402 -233.448 -26.4484 197.882 24.1838 191.279 0
70.0781 6.30592 54.5436 -80.8403 5.2944 2.39615 -18.2437 6.25854 17.2684 -2.02971 -141.221 88.0965 -212.442 18.4793 234.197 4
6.59066 2.48073 6.2078 -20.7048 -17.4017 2.65433 -9.2777 26.0434 3.00903 -1.13581 -263.691 -45.0855 190.916 26.2413 173.154 0
280.505 -0.00011347 336.818 62.1469 -2.62128 -4.12038 19.8082 4.08454 -22.0283 4.43692e-05 259.403 -29.0089 180.35 22.4038 53.3811 4
141.953 -2.39172 175.345 -22.6128 45.8974 3.16731 -16.2549 -33.2632 26.0317 1.7642 -170.296 18.7744 -75.8224 42.2753 -126.125 1
355.535 -0.809095 6.81217 -9.18749 -16.9369 2.85956 -3.89923 24.3447 -1.90096 0.34485 -250.459 -35.1396 205.397 24.4212 208.591 0
31.4903 -4.54621 22.95 -42.3947 -18.5152 10.8046 -25.2973 31.8938 19.5371 2.97396 -104.618 17.496 36.0866 37.5201 51.8539 2
347.523 -2.94993 6.99969 -0.901048 -15.8476 2.80531 -0.362048 22.4493 -4.96742 1.18483 164.491 -68.4208 237.995 23.0228 -175.325 4
286.98 1.64395 339.999 55.6695 -19.4994 -9.64588 41.2941 14.5977 -47.8054 -1.43456 88.8742 -15.7013 -15.7133 50.005 -57.0462 2
6.06247 5.48066 2.95419 -20.8607 -17.1041 1.24396 -9.19806 25.5683 2.71552 -2.46703 -247.015 -19.8718 192.827 25.8302 160.894 0
356.891 2.28975 4.07318 -11.2307 -16.6828 1.68652 -4.71458 24.1522 -1.31189 -0.967148 -257.182 -71.4961 202.044 24.2071 207.288 0
356.995 -0.580988 6.94056 -10.6592 -16.9975 2.92135 -4.55019 24.5648 -1.28967 0.249443 -240.038 -55.756 237.524 24.5999 183.612 0
145.882 8.04925 187.276 -21.2257 33.0792 -3.32955 -10.2108 -23.1191 15.6634 -3.94915 -209.384 58.6354 -72.5584 28.2033 -174.261 3
357.022 2.24329 4.14995 -11.3474 -16.5053 1.70554 -4.72963 23.9869 -1.24791 -0.940907 -222.98 -46.3951 182.11 24.0378 178.925 0
359.584 1.62204 5.3755 -13.6953 -17.276 2.28437 -5.94206 25.0869 -0.182092 -0.710418 -239.261 7.36312 226.426 25.0976 178.498 0
282.102 8.28321 325.325 56.0858 -11.1429 -12.5514 32.8142 8.20357 -38.259 -5.69654 126.014 12.5235 -61.4714 39.5411 -112.811 2
182.009 -2.20577 185.37 16.1879 61.8462 -5.15545 15.9917 -57.2836 -2.00921 2.20775 84.4215 25.8379 -73.9125 57.3614 57.7905 3
357.443 3.78273 2.71627 -12.1065 -16.7809 1.12829 -5.10691 24.2728 -1.084 -1.60645 -222.429 -73.752 217.328 24.35 168.24 0
359.86 1.13008 5.93431 -13.848 -16.8678 2.48102 -5.9156 24.7107 -0.0605275 -0.487446 -228.132 -63.6384 210.751 24.7155 163.483 0
202.525 -10.47 180.838 37.8056 49.2144 -0.617339 32.7543 -48.536 -20.1292 9.71007 135.283 18.2041 -25.9058 53.4342 90.7851 4
267.896 -2.21117 321.327 73.6429 1.21975 -4.62695 25.2287 -0.964428 -26.2556 1.01445 278.137 -6.03604 66.8415 26.2929 4.0439 4
357.591 2.05966 4.46604 -11.859 -16.0156 1.79771 -4.84783 23.554 -0.990762 -0.847827 -232.8 -19.281 194.272 23.59 185.746 0
0.503152 4.36157 2.83555 -15.2112 -15.9282 1.13568 -6.24214 23.7208 0.208313 -1.80928 -235.007 -4.61421 224.537 23.7906 167.362 0
311.524 3.86877 350.317 32.1408 -12.1604 -3.26946 12.2128 15.1837 -17.1479 -1.5489 224.66 -73.5197 257.426 22.9563 -40.0972 3
354.601 1.24323 4.57037 -8.76233 -15.7448 1.81823 -3.51708 22.9798 -2.17173 -0.500928 -193.299 -59.1311 218.04 23.0876 152.563 0
179.181 -0.519547 186.38 13.0442 25.8445 -2.10688 4.39291 -19.4605 0.278334 0.176487 158.688 14.1717 -127.942 19.4633 123.225 4
358.176 2.91487 3.75101 -12.6233 -15.9787 1.50657 -5.1574 23.5568 -0.750203 -1.20007 -221.107 -11.5192 235.06 23.5993 163.195 0
70.4255 4.59782 61.9419 -79.6277 -1.26624 15.5101 -96.0241 32.6005 91.6816 -7.82526 -60.4169 -16.6962 70.7578 97.6194 -67.1378 3
358.371 0.31441 6.38729 -12.2089 -15.7127 2.54263 -4.94524 23.3745 -0.664809 -0.12832 -233.755 -41.1684 228.395 23.3843 174.273 0
201.211 -1.65347 191.187 34.665 49.966 -8.49733 30.2873 -49.6217 -19.2578 1.53649 154.632 -5.46391 -27.8219 53.2497 109.814 3
58.5913 0.927525 38.5301 -68.7799 -6.28951 10.583 -43.7551 24.4578 40.0547 -0.75981 -65.0466 18.1425 -0.274446 46.9376 22.7642 4
0.701206 -0.230141 7.50298 -14.3415 -16.1913 3.05453 -5.98072 24.1429 0.295484 0.096983 -217.007 -74.7638 201.474 24.1449 149.08 0
316.993 0.910618 355.436 27.7871 -31.0268 -3.03537 20.1025 31.5289 -29.4088 -0.685305 -49.2544 -36.153 148.785 43.121 115.343 1
172.079 -4.75628 180.537 7.11233 73.3003 -0.620828 8.27289 -65.9512 9.17595 5.54026 -7.59005 15.4626 -89.0204 66.8166 -18.697 2
309.96 -2.26242 356.838 35.4089 -30.4968 -2.07144 26.6975 29.5699 -35.2906 1.81896 -2.90082 -25.2861 121.907 46.0773 74.1311 1
214.136 -2.03013 195.555 47.1657 33.9562 -7.50314 30.1795 -34.0427 -23.0795 1.4579 207.865 13.445 -6.40614 41.1545 128.998 3
287.717 -0.508623 344.021 55.9269 -15.3443 -6.39844 34.3647 12.625 -39.5177 0.368282 95.5308 -2.62451 27.8954 41.4871 -27.9421 1
359.004 1.4993 5.35942 -13.1029 -17.5026 2.29875 -5.72846 25.2564 -0.439016 -0.661154 -235.124 -21.1597 205.345 25.2689 179.525 0
165.378 -3.28134 180.44 0.26763 78.7516 -0.551023 0.335163 -69.3159 18.084 4.1071 -75.729 20.1634 -80.3492 71.7537 -76.2561 1
18.0522 -16.6497 29.8523 -25.4245 -29.4894 20.9424 -19.9997 42.4343 13.8305 13.3473 -37.2256 -12.1472 94.4245 46.5844 -16.84 4
358.674 -0.0169142 6.79035 -12.4242 -17.1982 2.88142 -5.36885 24.9476 -0.577665 0.0073667 -235.071 -48.0868 181.849 24.9543 183.279 0
359.349 1.77285 5.1683 -13.5013 -15.1747 2.00576 -5.34614 22.8864 -0.260219 -0.708424 -229.883 -57.0748 205.797 22.8989 169.575 0
276.697 -2.24423 336.947 66.5651 -2.19132 -3.91177 23.0466 2.92722 -24.9281 0.983624 264.958 12.3612 132.698 25.1186 22.866 4
358.651 1.43278 5.34143 -12.7442 -16.3974 2.18765 -5.31507 24.0796 -0.56696 -0.602444 -236.204 -42.0886 219.86 24.0938 177.062 0
259.877 11.0191 283.119 65.2031 5.17758 -7.82314 17.3871 -3.30429 -18.5072 -3.66082 111.81 58.7409 -218.788 19.1529 -233.252 2
356.069 1.79426 4.37154 -10.3177 -16.5302 1.79885 -4.29631 23.9194 -1.6435 -0.751066 -218.268 -47.8554 224.02 23.9875 170.402 0
357.769 -0.651442 7.19891 -11.3939 -16.232 2.93453 -4.71916 23.8685 -0.929998 0.271598 -202.145 -63.1605 220.012 23.8881 145.376 0
358.795 0.557872 6.24791 -12.6788 -17.197 2.6492 -5.47634 24.9441 -0.524593 -0.242935 -258.043 -19.2457 253.943 24.9508 192.475 0
271.828 2.84823 319.004 67.2823 -3.34182 -8.98954 32.7305 1.13053 -35.4215 -1.76319 115.926 3.42723 -132.501 35.4834 -156.88 3
43.9937 5.44046 14.9897 -57.5702 -24.008 8.30282 -50.5251 42.8706 41.3905 -5.67545 -29.0526 -37.7611 189.951 59.8604 -150.516 3
358.68 3.1719 3.6114 -13.1719 -16.287 1.4698 -5.46089 23.9216 -0.551201 -1.32601 -185.822 -17.6605 200.991 23.9646 133.691 0
67.864 7.07886 41.9158 -79.8516 3.94413 2.74412 -22.9483 8.71755 21.4301 -2.87299 -95.954 26.446 -208.41 23.3131 220.844 3
206.028 -6.68312 186.454 40.525 20.0024 -1.47066 11.1851 -15.3627 -7.50233 2.00329 213.173 7.71268 -65.0733 17.2137 118.069 4
359.926 4.52619 2.53784 -14.6865 -16.0486 1.02161 -6.04704 23.7769 -0.0306395 -1.88222 -215.216 -57.1162 229.975 23.8513 147.228 0
359.523 0.900974 6.08193 -13.4669 -17.2654 2.58557 -5.84386 25.0896 -0.208928 -0.394579 -257.237 -84.3516 208.396 25.0935 191.533 0
230.009 2.96208 214.507 59.5202 23.427 -11.2924 33.8674 -25.2216 -30.068 -2.03072 214.447 -15.8644 58.3764 39.298 144.505 3
356.155 2.35199 3.83971 -10.5293 -15.819 1.53157 -4.25102 23.1909 -1.55863 -0.954669 -230.654 -34.164 224.261 23.2628 183.031 0
353.073 2.30353 3.17196 -7.52091 -16.161 1.28357 -3.06259 23.209 -2.81969 -0.940467 -200.829 -40.7213 212.037 23.3986 168.809 0
359.391 1.98817 4.96296 -13.5925 -16.35 2.02772 -5.66717 24.0982 -0.256113 -0.836592 -197.946 -44.7698 208.133 24.1141 139.001 0
358.45 0.338283 6.38287 -12.2919 -17.6775 2.76064 -5.41064 25.4051 -0.687229 -0.150053 -211.017 -39.9224 220.714 25.4149 153.577 0
358.625 3.00734 3.76324 -13.0813 -17.8756 1.63626 -5.79285 25.5518 -0.613213 -1.34278 -237.55 -29.5 231.329 25.5944 176.643 0
357.449 1.64265 4.84682 -11.6241 -17.9881 2.11894 -5.15889 25.5678 -1.13915 -0.733947 -216.466 -65.8621 192.794 25.6037 166.972 0
357.374 0.722755 5.74166 -11.3363 -17.1456 2.42786 -4.86523 24.723 -1.13404 -0.312212 -241.141 -0.618645 211.889 24.751 193.539 0
1.44237 1.68096 5.76381 -15.5153 -15.1335 2.2342 -6.17596 23.0709 0.580913 -0.677269 -224.565 -15.5336 238.694 23.0881 149.935 0
62.9564 8.69934 22.9779 -76.4502 -0.261224 3.07923 -32.7301 15.1313 29.6411 -5.09214 -104.974 32.7362 -135.351 33.6672 157.22 4
183.701 -12.7974 174.814 19.9787 61.0948 4.90967 19.7467 -56.2413 -3.63805 12.8017 86.6028 26.4213 -66.0329 57.7944 60.7407 4
161.572 -2.28594 180.516 -3.66097 66.5041 -0.536091 -3.80736 -56.5248 18.8338 2.37833 -111.409 26.7966 -78.488 59.6274 -106.406 1
359.398 1.83359 5.11929 -13.5633 -15.9682 2.05772 -5.56342 23.7091 -0.249161 -0.759043 -214.214 -68.3865 222.955 23.7226 149.189 0
258.254 11.6631 279.191 64.7676 6.05591 -5.8398 12.5532 -2.76674 -13.3061 -2.80537 140.828 50.5149 -267.449 13.8773 -272.778 4
357.281 -0.523178 6.95307 -10.9513 -16.8379 2.90721 -4.64692 24.4322 -1.16022 0.223353 -184.64 -44.1591 212.813 24.4608 134.267 0
212.916 -13.0134 179.182 48.2209 32.9722 0.370598 29.0717 -31.8861 -20.6405 8.77853 199.261 42.771 6.08845 38.9848 137.693 4
334.034 -4.6167 5.54765 12.5843 -14.1893 2.05816 4.75272 19.5482 -9.52005 1.75578 205.783 -78.5988 182.455 21.8139 -167.562 3
338.928 2.79249 359.392 6.106 -29.4533 -0.386704 3.8999 34.1719 -13.1663 -1.78624 161.668 -47.2962 220.303 36.6642 -136.81 4
357.655 0.251092 6.27685 -11.4981 -17.8974 2.73861 -5.09527 25.5397 -1.04604 -0.112019 -247.489 -59.9546 226.44 25.5613 189.507 0
224.616 -1.74803 201.81 56.9242 34.119 -10.8521 44.8479 -38.0798 -37.5734 1.63261 189.991 -17.822 76.0686 53.5211 163.62 2
350.056 3.73189 1.0796 -4.91521 -15.3035 0.420322 -1.91846 22.0075 -3.85825 -1.45736 -210.482 -35.527 244.391 22.3906 188.065 0
357.739 2.43518 4.12706 -12.0887 -17.3592 1.75771 -5.23088 24.9353 -0.984573 -1.06126 -220.559 -80.4092 212.029 24.9773 165.046 0
299.335 3.73543 345.071 43.5831 -24.7422 -8.46332 31.2659 22.1717 -39.4523 -2.95465 56.7764 -26.7413 78.8235 45.3519 19.5924 1
357.548 0.574859 5.93017 -11.4711 -16.9083 2.48349 -4.87791 24.504 -1.04921 -0.246086 -243.982 -47.3518 192.582 24.5277 194.735 0
0.931366 2.60414 4.70984 -15.232 -18.0264 2.06194 -6.83784 25.996 0.422612 -1.18251 -252.528 -57.8676 207.894 26.0263 183.63 0
359.454 4.17938 2.7794 -14.1507 -17.5352 1.19117 -6.19338 25.2651 -0.24075 -1.8463 -231.561 -55.7973 201.182 25.3336 172.463 0
359.923 2.16911 4.90817 -14.1519 -16.6486 2.03086 -5.98502 24.4618 -0.0327164 -0.926518 -200.336 -69.6386 191.504 24.4793 140.945 0
358.425 1.0177 5.70074 -12.4271 -16.3638 2.3324 -5.17423 24.0312 -0.660844 -0.427052 -246.712 -49.0762 201.089 24.0441 191.706 0
24.0453 1.63865 12.1408 -37.3914 -27.8346 7.494 -27.2345 40.9399 18.2664 -1.28249 23.1447 -64.0918 239.315 44.8484 -174.013 3
358.102 1.35887 5.28404 -12.1933 -17.25 2.24287 -5.2626 24.8958 -0.824927 -0.59088 -257.986 -55.9897 199.281 24.9164 203.964 0
358.964 -0.750239 7.59075 -12.5299 -17.4454 3.2578 -5.481 25.2577 -0.456901 0.330801 -247.531 -27.707 180.959 25.264 196.687 0
